Same as ch_17 but with only T and S BCS. sponge on

Nx = 100 
Ny = 50 
Nz = 80 
dx = 90.86858267569642 
dy = 44.89795918367349 
model_input_folder = /home/whitefar/MITgcm-checkpoint66j/exp/ch_16/input/ 
dZ = 8.0 
Z = -640.0
